0.472408056259 0.60 7.45
0.434284925461 0.38 7.49
0.578267812729 0.63 7.05
0.421736955643 0.38 7.58
0.422335863113 0.38 7.64
0.420840978622 0.39 7.67
0.423126935959 0.38 7.83
0.421880960464 0.38 7.68
0.424263954163 0.38 7.61
0.422595024109 0.38 7.62
0.423379182816 0.38 7.60
0.57902598381 0.63 7.22
0.417569875717 0.38 7.72
0.418209791183 0.39 7.81
0.582036018372 0.63 7.05
0.423723936081 0.38 7.67
0.416772127151 0.39 7.88
0.427629947662 0.38 7.59
0.416931867599 0.39 7.75
0.421139001846 0.38 7.64
0.418848991394 0.39 7.69
0.428004980087 0.38 7.56
0.576988935471 0.63 7.09
0.425256967545 0.38 7.53
0.490481138229 0.52 7.90
0.419698953629 0.38 7.57
0.422504901886 0.38 7.76
0.429082155228 0.38 7.58
0.42582988739 0.38 7.59
0.496607065201 0.51 7.20
0.425690174103 0.38 7.56
0.588452100754 0.62 6.89
0.423944950104 0.38 7.61
0.422108888626 0.38 7.68
0.580911874771 0.63 7.07
0.42311000824 0.38 7.61
0.573058128357 0.64 7.05
0.42575097084 0.39 7.68
0.424139022827 0.38 7.67
0.421900033951 0.38 7.65
0.584187984467 0.64 6.97
0.423650026321 0.38 7.62
0.50327205658 0.51 7.10
0.424092054367 0.38 7.60
0.427610874176 0.38 7.64
0.425402879715 0.38 7.67
0.433288097382 0.38 7.52
0.423079967499 0.38 7.57
0.426132917404 0.38 7.71
0.419240951538 0.39 7.92
0.419912099838 0.39 7.78
0.422714948654 0.38 7.64
0.433305978775 0.38 7.55
0.486457109451 0.52 7.95
0.424710035324 0.38 7.55
0.422075033188 0.38 7.63
0.424958944321 0.38 7.60
0.573931932449 0.64 7.36
0.423197031021 0.38 7.63
0.424628973007 0.38 7.65
0.419559955597 0.38 7.77
0.430301904678 0.38 7.49
0.422408103943 0.38 7.70
0.500838041306 0.50 7.12
0.580790996552 0.63 7.15
0.427941799164 0.17 5.98
0.429508924484 0.38 7.58
0.42144203186 0.38 7.62
0.434070110321 0.38 7.63
0.583057880402 0.64 7.15
0.430082082748 0.38 7.62
0.58477306366 0.64 7.14
0.426151037216 0.38 7.55
0.425510883331 0.38 7.75
0.483914852142 0.53 8.02
0.429268836975 0.38 7.58
0.430153131485 0.17 6.05
0.427556991577 0.38 7.57
0.428133010864 0.38 7.52
0.499689102173 0.51 7.17
0.426687955856 0.38 7.54
0.428086996078 0.17 6.11
0.580468893051 0.63 7.02
0.424849033356 0.38 7.63
0.420983076096 0.39 7.66
0.422762870789 0.38 7.69
0.418698072433 0.38 7.70
0.57944393158 0.63 7.10
0.422887086868 0.38 7.58
0.427327871323 0.38 7.63
0.426791906357 0.17 6.16
0.518265008926 0.76 9.30
0.557365179062 0.70 8.37
0.529348134995 0.53 6.05
0.541043043137 0.56 7.05
1.24779009819 3095.50 8.37
1.24637103081 2.11 8.29
1.23801803589 2.12 8.29
