0.358990907669 0.18 6.27
0.357053995132 0.18 6.40
0.639527082443 0.56 5.07
0.635297060013 0.56 5.07
0.637007951736 0.56 5.04
0.63770699501 0.56 5.04
0.637187957764 0.57 5.46
0.636838912964 0.56 5.07
0.365211963654 0.18 6.35
0.638560056686 0.56 4.99
0.401087999344 0.34 5.53
0.361645936966 0.18 6.48
0.628647089005 0.56 5.18
0.359456062317 0.18 6.52
0.361839056015 0.18 6.41
0.624351024628 0.56 5.14
0.630633831024 0.56 5.10
0.631945133209 0.56 5.10
0.365307807922 0.36 6.68
0.35428404808 0.18 6.42
0.360800981522 0.18 6.51
0.360457897186 0.18 6.49
0.353583097458 0.18 6.44
0.630404949188 0.56 5.28
0.629910945892 0.56 5.09
0.625967979431 0.56 5.11
0.361453056335 0.18 6.42
0.363118171692 0.18 6.39
0.359158992767 0.18 6.41
0.357650995255 0.18 6.58
0.358952045441 0.18 6.48
0.360018014908 0.18 6.42
0.359968900681 0.18 6.32
0.382658004761 0.34 6.24
0.365701198578 0.35 6.27
0.360290050507 0.18 6.38
0.364703893661 0.18 6.43
0.360357046127 0.18 6.51
0.62570309639 0.56 5.21
0.353090047836 0.18 6.34
0.363723039627 0.18 6.33
0.359755039215 0.18 6.42
0.631002187729 0.56 5.12
0.35812997818 0.18 6.41
0.355758905411 0.18 6.45
0.363064050674 0.18 6.38
0.629571914673 0.56 5.14
0.361186981201 0.18 6.43
0.36371588707 0.18 6.31
0.36225104332 0.18 6.38
0.633932828903 0.56 5.05
0.362978935242 0.18 6.45
0.364344120026 0.18 6.56
0.357298851013 0.18 6.40
0.628005981445 0.56 5.10
0.62971997261 0.56 5.21
0.361879110336 0.18 6.41
0.360746860504 0.18 6.49
0.359885931015 0.18 6.35
0.626597166061 0.56 5.11
0.360666036606 0.18 6.34
0.360065937042 0.18 6.36
0.593955039978 0.56 5.19
0.635657072067 0.56 5.21
0.633100032806 0.56 5.14
0.626616001129 0.56 5.13
0.628417015076 0.56 5.05
0.633539199829 0.56 5.08
0.362057924271 0.18 6.39
0.358026981354 0.18 6.42
0.360949039459 0.18 6.35
0.362134933472 0.18 6.35
0.364902973175 0.18 6.32
0.362407207489 0.18 6.42
0.631199121475 0.56 5.12
0.63715004921 0.56 5.17
0.361332893372 0.18 6.40
0.437111854553 0.33 5.25
0.358528137207 0.18 6.39
0.362289905548 0.18 6.32
0.3629591465 0.18 6.35
0.359237909317 0.18 6.46
0.363289117813 0.18 6.39
0.630913972855 0.56 5.18
0.35785317421 0.18 6.46
0.359456062317 0.18 6.33
0.363574981689 0.18 6.44
0.365579128265 0.35 6.32
0.5618288517 0.41 4.40
0.358103990555 0.18 6.42
0.35848903656 0.18 6.39
0.438013076782 0.32 5.09
0.352660894394 0.18 6.45
0.627703905106 0.56 5.18
0.359261035919 0.18 6.41
0.360299110413 0.18 6.41
0.535768032074 0.42 4.42
0.359130859375 0.18 6.35
0.360004901886 0.18 6.46
0.359324932098 0.18 6.46
