10.5456330776 16.64 5.70
10.5272700787 16.70 5.67
10.5203149319 16.67 5.59
10.5209538937 16.68 5.73
10.5328330994 16.68 5.70
10.5144319534 16.67 5.71
10.5251300335 16.68 5.66
10.5304000378 16.67 5.62
10.5266830921 16.67 5.63
10.5255119801 16.68 5.67
10.5325539112 16.67 5.73
10.5254130363 16.70 5.65
10.5248398781 16.67 5.70
10.5287539959 16.68 5.70
10.5382339954 16.70 5.73
10.5273280144 16.67 5.69
10.5311851501 16.68 5.70
10.5286622047 16.67 5.69
10.5380129814 16.67 5.69
10.5212900639 16.66 5.70
10.5336978436 16.68 5.65
10.526296854 16.67 5.63
10.5268270969 16.66 5.72
10.5282127857 16.68 5.78
10.5258672237 16.68 5.68
10.5252118111 16.68 5.69
10.5162539482 16.70 5.67
10.5134561062 16.67 5.74
10.5239899158 16.68 5.69
10.524461031 16.68 5.69
10.5282180309 16.68 5.70
10.5216360092 16.68 5.67
10.5212390423 16.68 5.67
10.5333230495 16.70 5.66
10.5357480049 16.67 5.68
10.5341238976 16.69 5.71
10.5235919952 16.66 5.54
10.5289571285 16.68 5.67
10.5223610401 16.69 5.75
10.518693924 16.68 5.71
10.5285060406 16.66 5.71
10.5401830673 16.68 5.67
10.5332050323 16.67 5.55
10.5263130665 16.68 5.68
10.5402669907 16.69 5.69
10.52886796 16.70 5.68
10.5313060284 16.68 5.66
10.5230059624 16.71 5.78
10.5352170467 16.68 5.65
10.5355789661 16.68 5.67
10.5278959274 16.66 5.62
10.5325078964 16.67 5.68
10.5371160507 16.67 5.65
10.5295891762 16.68 5.70
10.5164549351 16.69 5.72
10.5283689499 16.68 5.68
10.5357251167 16.70 5.69
10.5433199406 16.70 5.71
10.5368750095 16.70 5.64
10.5408389568 16.67 5.64
10.5302259922 16.72 5.77
10.5235438347 16.67 5.70
10.5193688869 16.68 5.81
10.5299789906 16.69 5.63
10.5290038586 16.67 5.70
10.5250592232 16.69 5.68
10.5241501331 16.70 5.70
10.5231590271 16.68 5.69
10.5312869549 16.66 5.74
10.522993803 16.67 5.73
10.5248961449 16.69 5.74
10.5224890709 16.68 5.71
10.5261890888 16.68 5.69
10.5228638649 16.68 5.66
10.5248010159 16.69 5.69
10.5199038982 16.67 5.67
10.5203278065 16.67 5.69
10.5207190514 16.69 5.74
10.530518055 16.68 5.68
10.5305638313 16.68 5.64
10.5295410156 16.67 5.72
10.5372760296 16.68 5.69
10.5185229778 16.69 5.72
10.5256769657 16.70 5.68
10.5222220421 16.69 5.66
10.5283520222 16.68 5.68
10.526676178 16.69 5.88
10.5371251106 16.68 5.69
10.5285508633 16.71 5.64
10.5200250149 16.68 5.69
10.5245518684 16.69 5.64
10.5276250839 16.70 5.63
10.5248439312 16.68 5.66
10.5279068947 16.66 5.71
10.5260272026 16.67 5.71
10.5263547897 16.68 5.75
10.5202169418 16.70 5.77
10.5281360149 16.69 5.67
10.5315618515 16.69 5.70
10.5308279991 16.69 5.67
