0.421809911728 0.37 6.56
0.422661066055 0.37 6.50
0.419031858444 0.37 6.73
0.42148399353 0.37 6.64
0.422764062881 0.37 6.55
0.419174909592 0.37 6.49
0.41962313652 0.37 6.70
0.4223279953 0.37 6.46
0.990239143372 1.05 4.50
0.424272060394 0.37 6.66
0.988707065582 1.05 4.48
0.422930002213 0.37 6.71
0.41969704628 0.37 6.67
0.422389030457 0.37 6.64
0.417526960373 0.37 6.63
0.422955036163 0.36 6.59
0.994035959244 1.06 4.45
0.421482086182 0.38 7.19
0.977167844772 1.05 4.52
0.422292947769 0.37 6.77
0.981436014175 1.13 4.88
0.422832012177 0.37 6.73
0.419080972672 0.37 6.66
0.421607971191 0.37 6.54
0.422836065292 0.37 6.77
0.995674848557 1.09 4.89
0.419252872467 0.37 6.94
0.423228025436 0.37 6.72
0.419816970825 0.37 6.43
0.421985864639 0.37 6.66
0.423505067825 0.37 6.70
0.418008804321 0.37 6.80
0.991856813431 1.05 4.45
0.423311948776 0.37 6.93
0.982223987579 1.09 4.87
0.422036886215 0.37 6.91
0.420758962631 0.37 6.82
0.423467874527 0.37 6.71
0.419557094574 0.37 6.78
0.995517969131 1.06 4.77
0.418340921402 0.37 6.85
0.423152923584 0.37 6.77
0.418921947479 0.37 6.67
0.420543909073 0.37 6.64
0.423790931702 0.37 6.78
0.419935941696 0.37 6.77
0.995275974274 1.05 4.48
0.423246145248 0.37 6.78
0.421247959137 0.38 6.75
0.423082113266 0.37 6.71
0.421143054962 0.37 6.73
0.424246072769 0.37 6.68
0.425333023071 0.37 6.97
0.423507213593 0.38 6.87
0.420037031174 0.37 6.71
0.420967817307 0.38 6.67
0.424726009369 0.37 6.79
0.997344970703 1.05 4.57
0.42283821106 0.37 6.87
0.422869920731 0.38 7.00
0.42093205452 0.37 6.64
0.583184957504 0.62 6.65
0.997490882874 1.05 4.48
0.420701026917 0.37 6.76
0.991016864777 1.06 4.54
0.42399096489 0.38 6.95
0.981111049652 1.05 4.49
0.421585083008 0.37 6.82
0.981055021286 1.06 4.48
0.423355102539 0.37 6.88
0.992060899734 1.05 4.43
0.421984195709 0.38 7.20
0.420763015747 0.37 6.92
0.419502973557 0.36 6.40
0.422419071198 0.37 6.67
0.449342012405 0.34 6.12
0.990345954895 1.05 4.51
0.417692184448 0.37 6.50
0.993556022644 1.05 4.52
0.416793107986 0.37 6.51
0.99315404892 1.07 4.49
0.416887044907 0.37 6.66
0.988421916962 1.05 4.55
0.416511058807 0.37 6.73
0.992316007614 1.06 4.49
0.418184041977 0.37 6.47
0.98823094368 1.06 4.54
0.425003051758 0.37 6.86
0.419694900513 0.37 6.50
0.800676107407 0.82 5.12
0.422060966492 0.37 6.79
0.419126033783 0.38 7.16
0.422046899796 0.38 6.98
0.421447038651 0.37 6.66
0.420774936676 0.37 6.57
0.995041131973 1.06 4.51
0.419424057007 0.37 6.74
0.418287992477 0.37 6.70
0.418065071106 0.37 6.53
0.420579910278 0.37 7.00
1.20630717278 2.37 9.28
