0.591502904892 0.67 7.00
0.458988904953 0.36 6.63
0.455645084381 0.36 6.83
0.461031913757 0.35 6.77
0.47136092186 0.54 6.46
0.456748008728 0.36 6.61
0.453178882599 0.36 6.71
0.459235906601 0.36 6.70
0.445645093918 0.36 6.82
0.455188035965 0.36 6.80
0.466248035431 0.54 6.65
0.453665018082 0.36 6.70
0.465239048004 0.36 6.56
0.460993051529 0.36 6.73
0.444743871689 0.36 6.93
0.46594119072 0.54 6.93
0.459068059921 0.35 6.83
0.454096078873 0.36 6.71
0.451864004135 0.36 6.72
0.45775103569 0.36 6.70
0.46583199501 0.54 6.67
0.461039066315 0.35 6.74
0.468154191971 0.54 6.68
0.458532094955 0.36 6.69
0.456066131592 0.37 6.85
0.464201927185 0.36 6.88
0.458260774612 0.35 6.67
0.457399129868 0.36 6.56
0.45841884613 0.36 6.74
0.462245941162 0.35 6.84
0.454216957092 0.36 6.74
0.453702926636 0.36 6.67
0.45319890976 0.35 6.74
0.452862024307 0.36 6.56
0.440324068069 0.35 6.84
0.455076932907 0.36 6.66
0.462232112885 0.36 6.84
0.458921909332 0.35 6.82
0.452122926712 0.36 6.74
0.454355955124 0.36 6.73
0.455061912537 0.36 6.72
0.45728802681 0.36 6.64
0.459959983826 0.35 6.74
0.455806016922 0.36 6.72
0.455018997192 0.36 6.76
0.463282108307 0.36 6.56
0.454195022583 0.36 6.80
0.453451156616 0.35 6.49
0.452425003052 0.35 6.66
0.454936027527 0.35 6.64
0.457134962082 0.35 6.83
0.461315155029 0.35 6.75
0.458389043808 0.35 6.78
0.454480886459 0.36 6.79
0.452674150467 0.36 6.67
0.44208407402 0.36 6.92
0.456052064896 0.36 6.71
0.455640077591 0.36 6.74
0.467088937759 0.54 6.64
0.458521127701 0.36 6.72
0.471684932709 0.54 6.61
0.460383892059 0.36 6.80
0.464802980423 0.36 6.63
0.468843221664 0.54 6.75
0.471289873123 0.54 6.59
0.454240083694 0.36 6.59
0.468682050705 0.54 6.80
0.457940101624 0.36 6.72
0.461436033249 0.36 6.90
0.455407857895 0.36 6.74
0.469131946564 0.54 6.76
0.460047006607 0.36 6.72
0.436553001404 0.36 7.03
0.463073015213 0.35 6.74
0.45259308815 0.36 6.72
0.453824996948 0.36 6.62
0.458657979965 0.35 6.83
0.451774120331 0.36 6.75
0.460238933563 0.36 6.91
0.456637144089 0.36 6.95
0.452347993851 0.36 6.80
0.479333877563 0.54 7.09
0.45302605629 0.36 6.85
0.455871105194 0.36 6.78
0.468327999115 0.54 6.72
0.453804969788 0.36 6.70
0.459213972092 0.36 6.81
0.454252004623 0.36 6.82
0.457406997681 0.36 6.87
0.441778898239 0.36 6.98
0.46114397049 0.35 6.70
0.455056190491 0.36 6.70
0.452581882477 0.36 6.85
0.452791929245 0.36 6.74
0.45310997963 0.36 6.67
0.462688922882 0.36 6.73
0.460681200027 0.36 6.77
0.463521003723 0.35 6.74
0.4615650177 0.37 6.84
0.455466985703 0.36 6.85
