1.24861979485 2.11 8.25
1.24776887894 2.12 8.27
1.2471818924 2.11 8.36
1.24264192581 2.11 8.51
1.24277710915 2.12 8.20
1.24718308449 2.11 8.27
1.25680994987 2.12 8.50
1.25071287155 2.12 8.30
1.24664711952 2.11 8.35
1.24304103851 2.11 8.36
1.24679708481 2.11 8.19
1.24505996704 2.11 8.24
1.24746012688 2.11 8.25
1.23735904694 2.19 8.70
1.23732805252 2.12 8.27
1.2387471199 2.12 8.21
1.23918509483 2.13 8.22
1.23579382896 2.18 8.48
1.24633193016 2.10 8.21
1.24073696136 2.10 8.24
1.23917984962 2.11 8.23
1.24010491371 2.12 8.32
1.24347686768 2.11 8.35
1.24542498589 2.11 8.35
1.24257922173 2.11 8.39
1.24865794182 2.11 8.22
1.2474219799 2.11 8.25
1.24295186996 2.11 8.24
1.24561595917 2.12 8.27
1.24414801598 2.11 8.28
1.24499297142 2.11 8.26
1.24222302437 2.11 8.28
1.24619913101 2.11 8.28
1.2484099865 2.10 8.29
1.24929618835 2.10 8.31
1.24442005157 2.11 8.26
1.24780488014 2.11 8.24
1.24781107903 2.11 8.26
1.24325489998 2.11 8.32
1.24743413925 2.11 8.28
1.24536705017 2.12 8.32
1.24855399132 2.10 8.39
1.24288010597 2.11 8.39
1.24462294579 2.10 8.35
1.24456095695 2.13 8.31
1.25042295456 2.11 8.27
1.24451303482 2.12 8.35
1.24675989151 2.11 8.22
1.2481071949 2.11 8.30
1.24681186676 2.11 8.29
1.24817490578 2.11 8.32
1.24766683578 2.11 8.29
1.24613189697 2.11 8.43
1.24320697784 2.12 8.29
1.24514007568 2.12 8.31
1.24538397789 2.10 8.25
1.24166703224 2.12 8.27
1.24101495743 2.11 8.23
1.23996114731 2.12 8.31
1.2346599102 2.12 8.21
1.24536895752 2.12 8.32
1.24411392212 2.11 8.43
1.24211788177 2.11 8.38
1.24135088921 2.12 8.33
1.24261498451 2.11 8.27
1.24015212059 2.12 8.34
1.24183797836 2.11 8.31
1.24522590637 2.11 8.27
1.23634886742 2.12 8.31
1.2446949482 2.11 8.21
1.2375600338 2.16 8.64
1.23446512222 2.12 8.23
1.23879003525 2.11 8.31
1.240473032 2.11 8.17
1.24383091927 2.12 8.36
1.24467206001 2.11 8.31
1.24314403534 2.11 8.21
1.24500989914 2.11 8.26
1.24467611313 2.11 8.24
1.24315285683 2.11 8.21
1.2461540699 2.10 8.26
1.23985695839 2.11 8.25
1.24527001381 2.11 8.34
1.24172997475 2.12 8.31
1.23990416527 2.12 8.29
1.23937892914 2.12 8.29
1.2375099659 2.14 8.34
1.24340796471 2.12 8.28
1.24302387238 2.12 8.37
1.24771404266 2.11 8.15
1.24535918236 2.11 8.25
1.24026989937 2.11 8.27
1.24154686928 2.12 8.31
1.2433450222 2.11 8.35
1.22078514099 2.29 9.35
1.23987603188 2.12 8.24
1.24417996407 2.12 8.18
1.23615884781 2.11 8.27
1.23907399178 2.11 8.21
1.23467898369 2.12 8.21
