0.446102142334 0.51 9.92
0.426640033722 0.51 10.09
0.441494941711 0.51 9.96
0.432507991791 0.51 9.95
0.429657936096 0.52 10.24
0.431898832321 0.51 10.13
0.430775165558 0.51 9.91
0.430718898773 0.51 10.02
0.435645103455 0.51 10.02
0.434710979462 0.51 10.18
0.434977054596 0.51 10.07
0.506391048431 0.72 10.02
0.434865951538 0.51 10.04
0.433265924454 0.51 10.00
0.431974887848 0.51 9.95
0.439128875732 0.50 9.88
0.585448980331 0.91 9.36
0.434811115265 0.51 10.07
0.583382844925 0.91 9.52
0.428717136383 0.51 10.13
0.428162813187 0.50 9.98
0.431164979935 0.51 10.18
0.436606884003 0.51 10.10
0.452365875244 0.49 9.78
0.590219020844 0.90 9.27
0.500652074814 0.73 10.08
0.498722791672 0.72 9.95
0.429697990417 0.50 10.09
0.432821035385 0.51 10.19
0.430510997772 0.51 10.10
0.430859804153 0.51 10.16
0.43150305748 0.51 10.13
0.584469079971 0.91 9.41
0.438743114471 0.50 10.00
0.581557035446 0.92 9.44
0.434199810028 0.51 10.13
0.495596885681 0.73 10.20
0.431190013885 0.51 10.07
0.4322681427 0.51 10.10
0.50434589386 0.71 9.45
0.425137042999 0.52 10.40
0.581927776337 0.94 9.57
0.472659826279 0.76 10.01
0.427597045898 0.51 10.13
0.432979822159 0.51 10.07
0.428312778473 0.51 10.11
0.496794939041 0.72 10.27
0.440962076187 0.50 9.95
0.438092947006 0.51 10.02
0.436903953552 0.51 10.25
0.429264783859 0.52 10.15
0.432304143906 0.51 10.23
0.434535980225 0.52 10.22
0.430794000626 0.50 9.84
0.586030960083 0.91 9.35
0.640875101089 1.26 11.97
0.431346178055 0.51 10.23
0.44594502449 0.50 9.95
0.58030295372 0.91 9.64
0.424108982086 0.52 10.30
0.431430101395 0.51 10.12
0.432322978973 0.51 10.10
0.428785085678 0.51 10.03
0.494602918625 0.74 9.59
0.428771018982 0.51 10.05
0.434646129608 0.51 9.95
0.430419206619 0.23 8.25
0.428416967392 0.51 10.10
0.58712387085 0.92 9.41
0.43604516983 0.51 10.02
0.433510065079 0.51 10.05
0.442099094391 0.50 9.78
0.433017969131 0.50 9.96
0.432615995407 0.51 10.20
0.430362939835 0.51 10.24
0.596289873123 1.01 11.38
0.434150934219 0.51 10.08
0.436799049377 0.51 10.00
0.439652204514 0.51 10.14
0.433949947357 0.52 10.10
0.433511972427 0.53 10.10
0.432124137878 0.52 10.26
0.505166053772 0.72 10.00
0.433426141739 0.52 10.04
0.427057981491 0.51 10.15
0.428515911102 0.52 10.15
0.431093931198 0.51 10.00
0.427552938461 0.51 10.18
0.438621997833 0.51 10.06
0.595653057098 0.91 9.11
0.432670116425 0.51 9.93
0.498339891434 0.72 10.03
0.433257818222 0.51 10.17
0.439127922058 0.51 10.01
0.43025803566 0.51 10.00
0.434367895126 0.51 9.95
0.460944890976 0.48 9.29
0.433731079102 0.51 10.22
0.436115980148 0.54 11.37
0.43456697464 0.51 10.22
