0.573031187057 0.60 5.02
0.586975812912 0.59 5.01
1.01644301414 0.96 4.25
0.590941905975 0.60 5.02
0.593338012695 0.60 4.82
0.586446046829 0.61 5.07
0.573042154312 0.60 4.95
0.58914899826 0.60 4.98
0.58681511879 0.61 4.89
0.589692831039 0.61 5.00
0.592270851135 0.60 4.96
0.605788946152 0.61 4.89
0.593560934067 0.60 4.88
0.573964834213 0.60 5.08
0.57203578949 0.61 4.83
1.07476377487 1.05 3.58
0.586574077606 0.59 4.95
0.590728998184 0.60 4.99
0.590773820877 0.60 5.05
0.572479009628 0.61 4.85
1.07893180847 1.05 3.60
0.571484804153 0.61 4.80
0.604068040848 0.60 4.74
0.625754117966 0.58 4.67
0.603672027588 0.61 4.93
1.03976798058 0.94 3.87
0.590981960297 0.60 4.97
0.591758966446 0.61 4.97
0.551184892654 0.48 6.58
0.603646993637 0.61 4.90
1.1000521183 1.06 3.68
0.608038902283 0.60 4.82
0.592034101486 0.60 5.03
0.606752872467 0.60 4.84
0.588156938553 0.60 4.94
1.09537100792 1.04 3.55
0.647873878479 0.58 5.26
0.565243959427 0.60 4.61
0.592904090881 0.61 4.93
0.598056793213 0.60 4.91
1.08377599716 1.05 3.62
0.59849691391 0.60 4.89
0.566030025482 0.60 4.75
0.609459877014 0.60 4.87
0.59778213501 0.57 4.91
0.591170072556 0.60 4.89
0.57426905632 0.60 5.01
0.608758926392 0.60 4.87
0.59170794487 0.60 4.93
0.572792053223 0.60 4.67
0.626367807388 0.58 5.06
0.57292509079 0.61 5.06
0.581337928772 0.61 5.29
1.11532092094 1.04 3.68
0.593623876572 0.60 4.86
0.57218503952 0.60 5.15
0.594074964523 0.59 4.81
0.583837032318 0.60 4.93
1.06558299065 1.06 3.69
0.591117858887 0.60 5.06
0.574053049088 0.61 4.83
0.571723937988 0.60 4.91
0.587284088135 0.61 4.94
1.10970616341 1.04 3.64
0.563358068466 0.49 6.48
0.624320030212 0.59 4.75
0.606919050217 0.61 4.86
0.608639001846 0.61 4.82
0.592226982117 0.59 4.92
0.553135156631 0.49 6.52
0.591516971588 0.60 4.96
0.62375998497 0.59 4.74
0.612962961197 0.60 4.81
1.10100102425 1.04 3.66
0.613039016724 0.58 4.80
0.585548877716 0.61 5.00
0.591516017914 0.60 4.96
0.591258049011 0.60 5.03
1.1185669899 1.05 3.68
0.591984987259 0.61 5.02
0.590993881226 0.60 4.97
0.597517967224 0.60 4.84
0.6058177948 0.61 4.85
0.591779947281 0.60 4.98
0.592818975449 0.60 4.94
0.589782953262 0.60 4.95
0.592344045639 0.60 4.95
0.594481945038 0.60 4.84
0.591152906418 0.60 5.02
0.605050802231 0.60 4.80
0.568999052048 0.61 4.91
0.595778226852 0.60 4.91
0.584738016129 0.61 4.99
0.608726978302 0.59 4.87
0.606450080872 0.62 4.87
0.590444087982 0.60 4.96
1.08164310455 1.05 3.54
0.610816955566 0.59 4.86
0.590211868286 0.60 5.02
0.605744838715 0.60 4.98
